ca-AstroPh 64 1 clubs 16 03 64 176727952 43278 63.998 287
ca-HepTh 64 1 clubs 16 03 64 45397497 11136 63.9961 137
Franz4 64 1 clubs 16 03 64 3160064 779 64 27
GT01R 64 1 clubs 16 03 64 6042512 1482 63.8516 17
inf-power 64 1 clubs 16 03 64 3526889 866 63.9411 33
lp_cre_a 64 1 clubs 16 03 64 
p2p-Gnutella05 64 1 clubs 16 03 64 45931392 11227 63.9955 137
wiki-Vote 64 1 clubs 16 03 64 48793728 11919 63.9768 126
ca-AstroPh 64 1 clubs 16 03 64 176727952 43278 63.998 287
ca-HepTh 64 1 clubs 16 03 64 45397497 11136 63.9961 137
Franz4 64 1 clubs 16 03 64 3160064 779 64 27
GT01R 64 1 clubs 16 03 64 6042512 1482 63.8516 17
inf-power 64 1 clubs 16 03 64 3526889 866 63.9411 33
lp_cre_a 64 1 clubs 16 03 64 
p2p-Gnutella05 64 1 clubs 16 03 64 45931392 11227 63.9955 137
wiki-Vote 64 1 clubs 16 03 64 48793728 11919 63.9768 126
ca-AstroPh 64 1 clubs 16 03 128 176390544 43197 63.998 282
ca-HepTh 64 1 clubs 16 03 128 45584569 11181 63.9962 135
Franz4 64 1 clubs 16 03 128 3151872 777 64 27
GT01R 64 1 clubs 16 03 128 5163152 1267 63.8264 17
inf-power 64 1 clubs 16 03 128 3490025 857 63.9405 32
lp_cre_a 64 1 clubs 16 03 128 
p2p-Gnutella05 64 1 clubs 16 03 128 45869952 11212 63.9955 137
wiki-Vote 64 1 clubs 16 03 128 48502912 11848 63.9767 126
ca-AstroPh 64 1 clubs 16 06 64 184636816 45202 63.9912 292
ca-HepTh 64 1 clubs 16 06 64 46059705 11297 63.9962 142
Franz4 64 1 clubs 16 06 64 3365888 833 64 27
GT01R 64 1 clubs 16 06 64 7092880 1740 63.8391 33
inf-power 64 1 clubs 16 06 64 3821865 942 63.8376 34
lp_cre_a 64 1 clubs 16 06 64 
p2p-Gnutella05 64 1 clubs 16 06 64 46292736 11316 63.9956 136
wiki-Vote 64 1 clubs 16 06 64 48309760 11803 63.9649 127
ca-AstroPh 64 1 clubs 16 06 64 184636816 45202 63.9912 292
ca-HepTh 64 1 clubs 16 06 64 46059705 11297 63.9962 142
Franz4 64 1 clubs 16 06 64 3365888 833 64 27
GT01R 64 1 clubs 16 06 64 7092880 1740 63.8391 33
inf-power 64 1 clubs 16 06 64 3821865 942 63.8376 34
lp_cre_a 64 1 clubs 16 06 64 
p2p-Gnutella05 64 1 clubs 16 06 64 46292736 11316 63.9956 136
wiki-Vote 64 1 clubs 16 06 64 48309760 11803 63.9649 127
ca-AstroPh 64 1 clubs 16 06 128 184026512 45053 63.9922 288
ca-HepTh 64 1 clubs 16 06 128 46017337 11288 63.9962 141
Franz4 64 1 clubs 16 06 128 3291392 812 64 27
GT01R 64 1 clubs 16 06 128 6972560 1710 63.848 31
inf-power 64 1 clubs 16 06 128 3712873 913 63.9441 37
lp_cre_a 64 1 clubs 16 06 128 
p2p-Gnutella05 64 1 clubs 16 06 128 46476160 11360 63.9956 135
wiki-Vote 64 1 clubs 16 06 128 48289280 11798 63.9649 127
ca-AstroPh 64 1 clubs 64 03 64 178496144 43720 63.9809 284
ca-HepTh 64 1 clubs 64 03 64 46147001 11321 63.9962 131
Franz4 64 1 clubs 64 03 64 3688704 909 64 26
GT01R 64 1 clubs 64 03 64 5800848 1423 63.8454 17
inf-power 64 1 clubs 64 03 64 3642409 895 63.886 35
lp_cre_a 64 1 clubs 64 03 64 
p2p-Gnutella05 64 1 clubs 64 03 64 46226304 11299 63.9956 135
wiki-Vote 64 1 clubs 64 03 64 48375936 11817 63.9766 127
ca-AstroPh 64 1 clubs 64 03 64 178496144 43720 63.9809 284
ca-HepTh 64 1 clubs 64 03 64 46147001 11321 63.9962 131
Franz4 64 1 clubs 64 03 64 3688704 909 64 26
GT01R 64 1 clubs 64 03 64 5800848 1423 63.8454 17
inf-power 64 1 clubs 64 03 64 3642409 895 63.886 35
lp_cre_a 64 1 clubs 64 03 64 
p2p-Gnutella05 64 1 clubs 64 03 64 46226304 11299 63.9956 135
wiki-Vote 64 1 clubs 64 03 64 48375936 11817 63.9766 127
ca-AstroPh 64 1 clubs 64 03 128 177516688 43474 63.998 289
ca-HepTh 64 1 clubs 64 03 128 45905337 11262 63.9962 132
Franz4 64 1 clubs 64 03 128 3627264 894 64 25
GT01R 64 1 clubs 64 03 128 6042512 1482 63.8516 17
inf-power 64 1 clubs 64 03 128 3564585 876 63.9418 31
lp_cre_a 64 1 clubs 64 03 128 
p2p-Gnutella05 64 1 clubs 64 03 128 46209920 11295 63.9956 134
wiki-Vote 64 1 clubs 64 03 128 47791936 11687 63.9075 127
ca-AstroPh 64 1 clubs 64 06 64 188838800 46232 63.9924 290
ca-HepTh 64 1 clubs 64 06 64 48266816 11841 63.9927 133
Franz4 64 1 clubs 64 06 64 4254720 1050 64 29
GT01R 64 1 clubs 64 06 64 7191696 1766 63.7962 23
inf-power 64 1 clubs 64 06 64 4024169 989 63.9484 33
lp_cre_a 64 1 clubs 64 06 64 
p2p-Gnutella05 64 1 clubs 64 06 64 47382272 11582 63.9957 135
wiki-Vote 64 1 clubs 64 06 64 47403345 11592 63.9067 126
ca-AstroPh 64 1 clubs 64 06 64 188838800 46232 63.9924 290
ca-HepTh 64 1 clubs 64 06 64 48266816 11841 63.9927 133
Franz4 64 1 clubs 64 06 64 4254720 1050 64 29
GT01R 64 1 clubs 64 06 64 7191696 1766 63.7962 23
inf-power 64 1 clubs 64 06 64 4024169 989 63.9484 33
lp_cre_a 64 1 clubs 64 06 64 
p2p-Gnutella05 64 1 clubs 64 06 64 47382272 11582 63.9957 135
wiki-Vote 64 1 clubs 64 06 64 47403345 11592 63.9067 126
ca-AstroPh 64 1 clubs 64 06 128 186956432 45769 63.9923 291
ca-HepTh 64 1 clubs 64 06 128 47849152 11735 63.9927 133
Franz4 64 1 clubs 64 06 128 4271104 1054 64 35
GT01R 64 1 clubs 64 06 128 6958480 1705 63.871 28
inf-power 64 1 clubs 64 06 128 3933225 966 63.9472 37
lp_cre_a 64 1 clubs 64 06 128 
p2p-Gnutella05 64 1 clubs 64 06 128 47270784 11554 63.9957 133
wiki-Vote 64 1 clubs 64 06 128 47804753 11690 63.9075 127
ca-AstroPh 64 1 clubs 256 03 64 177262736 43423 63.9787 289
ca-HepTh 64 1 clubs 256 03 64 46682297 11449 63.9962 137
Franz4 64 1 clubs 256 03 64 4845824 1199 64 31
GT01R 64 1 clubs 256 03 64 9320080 2285 63.8512 35
inf-power 64 1 clubs 256 03 64 3889001 956 63.9467 32
lp_cre_a 64 1 clubs 256 03 64 
p2p-Gnutella05 64 1 clubs 256 03 64 47106944 11514 63.9957 134
wiki-Vote 64 1 clubs 256 03 64 47284096 11549 63.9841 127
ca-AstroPh 64 1 clubs 256 03 64 177262736 43423 63.9787 289
ca-HepTh 64 1 clubs 256 03 64 46682297 11449 63.9962 137
Franz4 64 1 clubs 256 03 64 4845824 1199 64 31
GT01R 64 1 clubs 256 03 64 9320080 2285 63.8512 35
inf-power 64 1 clubs 256 03 64 3889001 956 63.9467 32
lp_cre_a 64 1 clubs 256 03 64 
p2p-Gnutella05 64 1 clubs 256 03 64 47106944 11514 63.9957 134
wiki-Vote 64 1 clubs 256 03 64 47284096 11549 63.9841 127
ca-AstroPh 64 1 clubs 256 03 128 176035216 43124 63.9725 292
ca-HepTh 64 1 clubs 256 03 128 46768249 11472 63.9963 140
Franz4 64 1 clubs 256 03 128 4611840 1140 64 30
GT01R 64 1 clubs 256 03 128 9370512 2297 63.852 32
inf-power 64 1 clubs 256 03 128 3786601 931 63.9452 35
lp_cre_a 64 1 clubs 256 03 128 
p2p-Gnutella05 64 1 clubs 256 03 128 47013632 11492 63.9956 133
wiki-Vote 64 1 clubs 256 03 128 47169088 11522 63.976 127
ca-AstroPh 64 1 clubs 256 06 64 195873168 47948 63.9899 288
ca-HepTh 64 1 clubs 256 06 64 48993344 12013 63.9749 130
Franz4 64 1 clubs 256 06 64 5086720 1255 64 33
GT01R 64 1 clubs 256 06 64 9806992 2402 63.9084 32
inf-power 64 1 clubs 256 06 64 4231465 1042 63.8532 33
lp_cre_a 64 1 clubs 256 06 64 
p2p-Gnutella05 64 1 clubs 256 06 64 51548160 12610 63.9445 132
wiki-Vote 64 1 clubs 256 06 64 47071185 11526 63.8224 129
ca-AstroPh 64 1 clubs 256 06 64 195873168 47948 63.9899 288
ca-HepTh 64 1 clubs 256 06 64 48993344 12013 63.9749 130
Franz4 64 1 clubs 256 06 64 5086720 1255 64 33
GT01R 64 1 clubs 256 06 64 9806992 2402 63.9084 32
inf-power 64 1 clubs 256 06 64 4231465 1042 63.8532 33
lp_cre_a 64 1 clubs 256 06 64 
p2p-Gnutella05 64 1 clubs 256 06 64 51548160 12610 63.9445 132
wiki-Vote 64 1 clubs 256 06 64 47071185 11526 63.8224 129
ca-AstroPh 64 1 clubs 256 06 128 193262480 47312 63.9926 289
ca-HepTh 64 1 clubs 256 06 128 49390905 12117 63.9503 143
Franz4 64 1 clubs 256 06 128 4927232 1217 64 32
GT01R 64 1 clubs 256 06 128 9738640 2385 63.9078 34
inf-power 64 1 clubs 256 06 128 3984873 981 63.896 31
lp_cre_a 64 1 clubs 256 06 128 
p2p-Gnutella05 64 1 clubs 256 06 128 51233280 12530 63.9521 133
wiki-Vote 64 1 clubs 256 06 128 46488401 11383 63.8242 127
